Y is  (150,)
X.shape is  (150, 4)
x2 is  [[  6.3798574    6.65939227  16.58699311  16.17328798]
 [  6.12966691   5.83131945  15.62410557  14.51690204]
 [  5.87947643   6.09724936  15.27584745  14.85716522]
 [  5.75438118   5.91764211  15.36363128  14.54167084]
 [  6.25476215   6.79235723  16.51165918  16.36257817]
 [  6.75514313   7.35450014  18.21798539  18.04496733]
 [  5.75438118   6.38650042  15.51413517  15.52029808]
 [  6.25476215   6.47978502  16.47718668  15.81947642]
 [  5.5041907    5.5584276   14.55124762  13.71909613]
 [  6.12966691   5.98760556  15.93772722  14.7011127 ]
 [  6.75514313   7.04192793  17.59074209  17.09728199]
 [  6.00457167   6.43314272  16.29204633  15.65495503]
 [  6.00457167   5.8079983   15.43274026  14.27066675]
 [  5.37909545   5.69139256  13.88314289  13.64861873]
 [  7.2555241    7.60407084  18.11152669  18.26013598]
 [  7.13042886   8.20589411  18.97705771  19.72613818]
 [  6.75514313   7.35450014  17.42762432  17.89169856]
 [  6.3798574    6.65939227  16.58699311  16.31810399]
 [  7.13042886   7.26817748  18.67604994  17.91369972]
 [  6.3798574    7.12825059  17.13267753  17.2285496 ]
 [  6.75514313   6.57306962  17.63782847  16.30178796]
 [  6.3798574    6.97196448  17.01664615  17.08265613]
 [  5.75438118   6.69907263  14.95583687  15.80363224]
 [  6.3798574    6.34682007  16.94770115  16.14126863]
 [  6.00457167   6.43314272  16.88481713  15.76990662]
 [  6.25476215   5.8546406   16.21065142  14.69495571]
 [  6.25476215   6.47978502  16.67477695  16.14742562]
 [  6.50495264   6.68271342  16.97594869  16.31302447]
 [  6.50495264   6.52642732  16.66232704  15.9839978 ]
 [  5.87947643   6.09724936  15.86861825  14.9721168 ]
 [  6.00457167   5.96428441  15.94395218  14.78282661]
 [  6.75514313   6.57306962  17.24264794  16.51478558]
 [  6.50495264   7.62043005  17.67213699  17.9124653 ]
 [  6.88023837   7.8466796   18.16467405  18.61393145]
 [  6.12966691   5.98760556  15.93772722  14.7011127 ]
 [  6.25476215   6.16721281  15.65235312  15.12310589]
 [  6.88023837   6.75267687  17.1548641   16.54064794]
 [  6.12966691   5.98760556  15.93772722  14.7011127 ]
 [  5.5041907    5.71471371  14.46968874  13.97148841]
 [  6.3798574    6.50310617  16.668552    15.9208957 ]
 [  6.25476215   6.63607112  16.19803753  16.17836751]
 [  5.62928594   4.64403213  13.84883437  12.18275738]
 [  5.5041907    6.02728591  14.70175151  14.55290735]
 [  6.25476215   6.63607112  16.79080833  16.7277671 ]
 [  6.3798574    7.12825059  17.9230386   17.52663438]
 [  6.00457167   5.8079983   15.43274026  14.56029876]
 [  6.3798574    7.12825059  17.3302678   17.12205079]
 [  5.75438118   6.07392821  15.2820724   14.79406312]
 [  6.63004788   7.01860678  17.39937677  16.9958627 ]
 [  6.25476215   6.32349892  16.16356503  15.49044975]
 [  8.75666702   6.6336358   26.39531872  20.23038549]
 [  8.00609556   6.4937089   24.8519463   19.69005138]
 [  8.63157177   6.45402855  26.48310255  20.05970712]
 [  6.88023837   4.87724362  21.0974247   15.67967454]
 [  8.1311908    5.89188564  24.77677635  18.66694996]
 [  7.13042886   5.70531644  23.04826358  17.52764646]
 [  7.88100031   6.62667386  25.17179291  20.10079195]
 [  6.12966691   4.89360283  18.68213234  14.65919992]
 [  8.25628604   6.07149289  25.08417305  18.76944672]
 [  6.50495264   5.43242459  20.78986403  16.64475339]
 [  6.25476215   4.29177956  18.80455265  13.6744157 ]
 [  7.38061934   6.06453095  23.07028617  18.48658441]
 [  7.50571459   4.83756326  21.93821988  15.46161349]
 [  7.63080983   5.95488714  24.32493675  18.44548348]
 [  7.00533361   5.8382814   21.19461725  17.3720819 ]
 [  8.38138129   6.40738625  25.11242059  19.52046657]
 [  7.00533361   5.9945675   23.08896103  18.29727813]
 [  7.2555241    5.57235149  22.33323644  16.75063948]
 [  7.75590507   4.88420556  23.30890184  16.58011806]
 [  7.00533361   5.21313698  21.32326252  16.03456358]
 [  7.38061934   6.37710316  24.48789054  19.73235453]
 [  7.63080983   5.79860104  22.8257735   17.74173764]
 [  7.88100031   5.37638502  24.63872237  17.70693455]
 [  7.63080983   5.79860104  24.20890536  17.86514199]
 [  8.00609556   6.02485059  24.10867162  18.45165656]
 [  8.25628604   6.22777899  24.8050239   19.12833781]
 [  8.50647653   5.96184908  25.74605282  18.90302621]
 [  8.38138129   6.25110014  26.18193081  19.89410827]
 [  7.50571459   5.93156599  23.7383909   18.4122458 ]
 [  7.13042886   5.39274423  20.84029815  16.12860756]
 [  6.88023837   5.03352972  20.81827555  15.60411762]
 [  6.88023837   5.03352972  20.62068529  15.42098442]
 [  7.2555241    5.57235149  21.93805591  16.9636371 ]
 [  7.50571459   5.61899378  24.69186974  18.20554603]
 [  6.75514313   5.9479252   22.70623041  18.09443955]
 [  7.50571459   6.71299651  24.31854782  20.01060918]
 [  8.38138129   6.40738625  25.70519139  19.78023415]
 [  7.88100031   5.06381282  23.41870827  16.64429762]
 [  7.00533361   5.9945675   22.29859997  17.85437734]
 [  6.88023837   5.18981583  21.32948747  16.26109349]
 [  6.88023837   5.34610193  22.23587992  16.56025574]
 [  7.63080983   6.11117325  24.24337786  18.69787576]
 [  7.2555241    5.41606538  22.01961479  16.71124482]
 [  6.25476215   4.76063787  18.75746627  14.46990973]
 [  7.00533361   5.52570919  22.14809608  17.02056611]
 [  7.13042886   6.01788865  22.68755555  17.84929782]
 [  7.13042886   5.86160254  22.57152416  17.70340435]
 [  7.75590507   5.97820829  23.72594099  18.24881798]
 [  6.3798574    5.09653123  18.58812355  15.18261239]
 [  7.13042886   5.70531644  22.25790251  17.37437768]
 [  7.88100031   6.62667386  27.74046637  21.90225952]
 [  7.2555241    5.57235149  24.30913911  18.43715546]
 [  8.88176226   6.34438474  28.72570446  21.22390419]
 [  7.88100031   6.00152944  26.48597977  19.57244082]
 [  8.1311908    6.20445784  27.37992232  20.72188727]
 [  9.50723847   6.46099049  31.0656629   21.99922098]
 [  6.12966691   5.04988893  21.16924692  16.42342775]
 [  9.13195275   6.23474094  29.78276477  20.85485405]
 [  8.38138129   5.46966962  27.18249603  18.89191446]
 [  9.0068575    7.30542252  30.00843861  23.72547872]
 [  8.1311908    6.51703005  26.22885322  20.74545385]
 [  8.00609556   5.71227838  25.85251152  19.12230558]
 [  8.50647653   6.27442129  27.36124746  20.76637755]
 [  7.13042886   5.23645813  23.68812076  17.86081604]
 [  7.2555241    5.72863759  24.42517049  19.45194496]
 [  8.00609556   6.4937089   26.43266844  21.15511696]
 [  8.1311908    6.20445784  26.78715152  20.02767167]
 [  9.63233372   7.73460047  32.38286954  24.60944926]
 [  9.63233372   5.85916722  31.38567348  21.34238597]
 [  7.50571459   4.83756326  23.91412255  16.56886546]
 [  8.63157177   6.61031465  28.17985607  21.81548218]
 [  7.00533361   5.68199529  23.64725933  18.59320798]
 [  9.63233372   6.17173943  31.22255571  21.41272251]
 [  7.88100031   5.68895723  24.87078514  18.72280151]
 [  8.38138129   6.71995846  27.91315683  21.61372107]
 [  9.0068575    6.6802781   29.34672281  21.5106116 ]
 [  7.75590507   5.82192219  24.59786094  18.8737745 ]
 [  7.63080983   6.11117325  24.83614866  19.39209135]
 [  8.00609556   5.86856449  26.5613137   19.81759864]
 [  9.0068575    6.36770589  28.71947951  20.56292626]
 [  9.25704799   6.10177598  29.46291817  20.73374548]
 [  9.8825242    7.78124277  32.17282937  24.40770424]
 [  8.00609556   5.86856449  26.5613137   19.96241465]
 [  7.88100031   5.84524334  25.38199706  18.65569736]
 [  7.63080983   5.48602883  25.755155    17.9182098 ]
 [  9.63233372   6.48431164  30.26907687  22.19868631]
 [  7.88100031   6.78295996  27.06613669  21.89488421]
 [  8.00609556   6.3374228   26.71181759  20.21696186]
 [  7.50571459   6.0878521   24.44719308  19.25235487]
 [  8.63157177   6.45402855  27.47105389  21.12018911]
 [  8.38138129   6.40738625  27.48350379  21.42843294]
 [  8.63157177   6.45402855  26.87828309  21.29486954]
 [  7.2555241    5.57235149  24.30913911  18.43715546]
 [  8.50647653   6.5869935   28.38367129  21.79069728]
 [  8.38138129   6.71995846  27.91315683  22.19298508]
 [  8.38138129   6.25110014  26.57711134  20.83963868]
 [  7.88100031   5.37638502  24.83631264  18.32451576]
 [  8.1311908    6.20445784  26.19438072  20.2023521 ]
 [  7.75590507   6.75963881  26.47959084  21.57201453]
 [  7.38061934   6.06453095  24.84859857  19.26588717]]



after transforming is  [[  6.3798574    6.65939227  16.58699311  16.17328798]
 [  6.12966691   5.83131945  15.62410557  14.51690204]
 [  5.87947643   6.09724936  15.27584745  14.85716522]
 [  5.75438118   5.91764211  15.36363128  14.54167084]
 [  6.25476215   6.79235723  16.51165918  16.36257817]
 [  6.75514313   7.35450014  18.21798539  18.04496733]
 [  5.75438118   6.38650042  15.51413517  15.52029808]
 [  6.25476215   6.47978502  16.47718668  15.81947642]
 [  5.5041907    5.5584276   14.55124762  13.71909613]
 [  6.12966691   5.98760556  15.93772722  14.7011127 ]
 [  6.75514313   7.04192793  17.59074209  17.09728199]
 [  6.00457167   6.43314272  16.29204633  15.65495503]
 [  6.00457167   5.8079983   15.43274026  14.27066675]
 [  5.37909545   5.69139256  13.88314289  13.64861873]
 [  7.2555241    7.60407084  18.11152669  18.26013598]
 [  7.13042886   8.20589411  18.97705771  19.72613818]
 [  6.75514313   7.35450014  17.42762432  17.89169856]
 [  6.3798574    6.65939227  16.58699311  16.31810399]
 [  7.13042886   7.26817748  18.67604994  17.91369972]
 [  6.3798574    7.12825059  17.13267753  17.2285496 ]
 [  6.75514313   6.57306962  17.63782847  16.30178796]
 [  6.3798574    6.97196448  17.01664615  17.08265613]
 [  5.75438118   6.69907263  14.95583687  15.80363224]
 [  6.3798574    6.34682007  16.94770115  16.14126863]
 [  6.00457167   6.43314272  16.88481713  15.76990662]
 [  6.25476215   5.8546406   16.21065142  14.69495571]
 [  6.25476215   6.47978502  16.67477695  16.14742562]
 [  6.50495264   6.68271342  16.97594869  16.31302447]
 [  6.50495264   6.52642732  16.66232704  15.9839978 ]
 [  5.87947643   6.09724936  15.86861825  14.9721168 ]
 [  6.00457167   5.96428441  15.94395218  14.78282661]
 [  6.75514313   6.57306962  17.24264794  16.51478558]
 [  6.50495264   7.62043005  17.67213699  17.9124653 ]
 [  6.88023837   7.8466796   18.16467405  18.61393145]
 [  6.12966691   5.98760556  15.93772722  14.7011127 ]
 [  6.25476215   6.16721281  15.65235312  15.12310589]
 [  6.88023837   6.75267687  17.1548641   16.54064794]
 [  6.12966691   5.98760556  15.93772722  14.7011127 ]
 [  5.5041907    5.71471371  14.46968874  13.97148841]
 [  6.3798574    6.50310617  16.668552    15.9208957 ]
 [  6.25476215   6.63607112  16.19803753  16.17836751]
 [  5.62928594   4.64403213  13.84883437  12.18275738]
 [  5.5041907    6.02728591  14.70175151  14.55290735]
 [  6.25476215   6.63607112  16.79080833  16.7277671 ]
 [  6.3798574    7.12825059  17.9230386   17.52663438]
 [  6.00457167   5.8079983   15.43274026  14.56029876]
 [  6.3798574    7.12825059  17.3302678   17.12205079]
 [  5.75438118   6.07392821  15.2820724   14.79406312]
 [  6.63004788   7.01860678  17.39937677  16.9958627 ]
 [  6.25476215   6.32349892  16.16356503  15.49044975]
 [  8.75666702   6.6336358   26.39531872  20.23038549]
 [  8.00609556   6.4937089   24.8519463   19.69005138]
 [  8.63157177   6.45402855  26.48310255  20.05970712]
 [  6.88023837   4.87724362  21.0974247   15.67967454]
 [  8.1311908    5.89188564  24.77677635  18.66694996]
 [  7.13042886   5.70531644  23.04826358  17.52764646]
 [  7.88100031   6.62667386  25.17179291  20.10079195]
 [  6.12966691   4.89360283  18.68213234  14.65919992]
 [  8.25628604   6.07149289  25.08417305  18.76944672]
 [  6.50495264   5.43242459  20.78986403  16.64475339]
 [  6.25476215   4.29177956  18.80455265  13.6744157 ]
 [  7.38061934   6.06453095  23.07028617  18.48658441]
 [  7.50571459   4.83756326  21.93821988  15.46161349]
 [  7.63080983   5.95488714  24.32493675  18.44548348]
 [  7.00533361   5.8382814   21.19461725  17.3720819 ]
 [  8.38138129   6.40738625  25.11242059  19.52046657]
 [  7.00533361   5.9945675   23.08896103  18.29727813]
 [  7.2555241    5.57235149  22.33323644  16.75063948]
 [  7.75590507   4.88420556  23.30890184  16.58011806]
 [  7.00533361   5.21313698  21.32326252  16.03456358]
 [  7.38061934   6.37710316  24.48789054  19.73235453]
 [  7.63080983   5.79860104  22.8257735   17.74173764]
 [  7.88100031   5.37638502  24.63872237  17.70693455]
 [  7.63080983   5.79860104  24.20890536  17.86514199]
 [  8.00609556   6.02485059  24.10867162  18.45165656]
 [  8.25628604   6.22777899  24.8050239   19.12833781]
 [  8.50647653   5.96184908  25.74605282  18.90302621]
 [  8.38138129   6.25110014  26.18193081  19.89410827]
 [  7.50571459   5.93156599  23.7383909   18.4122458 ]
 [  7.13042886   5.39274423  20.84029815  16.12860756]
 [  6.88023837   5.03352972  20.81827555  15.60411762]
 [  6.88023837   5.03352972  20.62068529  15.42098442]
 [  7.2555241    5.57235149  21.93805591  16.9636371 ]
 [  7.50571459   5.61899378  24.69186974  18.20554603]
 [  6.75514313   5.9479252   22.70623041  18.09443955]
 [  7.50571459   6.71299651  24.31854782  20.01060918]
 [  8.38138129   6.40738625  25.70519139  19.78023415]
 [  7.88100031   5.06381282  23.41870827  16.64429762]
 [  7.00533361   5.9945675   22.29859997  17.85437734]
 [  6.88023837   5.18981583  21.32948747  16.26109349]
 [  6.88023837   5.34610193  22.23587992  16.56025574]
 [  7.63080983   6.11117325  24.24337786  18.69787576]
 [  7.2555241    5.41606538  22.01961479  16.71124482]
 [  6.25476215   4.76063787  18.75746627  14.46990973]
 [  7.00533361   5.52570919  22.14809608  17.02056611]
 [  7.13042886   6.01788865  22.68755555  17.84929782]
 [  7.13042886   5.86160254  22.57152416  17.70340435]
 [  7.75590507   5.97820829  23.72594099  18.24881798]
 [  6.3798574    5.09653123  18.58812355  15.18261239]
 [  7.13042886   5.70531644  22.25790251  17.37437768]
 [  7.88100031   6.62667386  27.74046637  21.90225952]
 [  7.2555241    5.57235149  24.30913911  18.43715546]
 [  8.88176226   6.34438474  28.72570446  21.22390419]
 [  7.88100031   6.00152944  26.48597977  19.57244082]
 [  8.1311908    6.20445784  27.37992232  20.72188727]
 [  9.50723847   6.46099049  31.0656629   21.99922098]
 [  6.12966691   5.04988893  21.16924692  16.42342775]
 [  9.13195275   6.23474094  29.78276477  20.85485405]
 [  8.38138129   5.46966962  27.18249603  18.89191446]
 [  9.0068575    7.30542252  30.00843861  23.72547872]
 [  8.1311908    6.51703005  26.22885322  20.74545385]
 [  8.00609556   5.71227838  25.85251152  19.12230558]
 [  8.50647653   6.27442129  27.36124746  20.76637755]
 [  7.13042886   5.23645813  23.68812076  17.86081604]
 [  7.2555241    5.72863759  24.42517049  19.45194496]
 [  8.00609556   6.4937089   26.43266844  21.15511696]
 [  8.1311908    6.20445784  26.78715152  20.02767167]
 [  9.63233372   7.73460047  32.38286954  24.60944926]
 [  9.63233372   5.85916722  31.38567348  21.34238597]
 [  7.50571459   4.83756326  23.91412255  16.56886546]
 [  8.63157177   6.61031465  28.17985607  21.81548218]
 [  7.00533361   5.68199529  23.64725933  18.59320798]
 [  9.63233372   6.17173943  31.22255571  21.41272251]
 [  7.88100031   5.68895723  24.87078514  18.72280151]
 [  8.38138129   6.71995846  27.91315683  21.61372107]
 [  9.0068575    6.6802781   29.34672281  21.5106116 ]
 [  7.75590507   5.82192219  24.59786094  18.8737745 ]
 [  7.63080983   6.11117325  24.83614866  19.39209135]
 [  8.00609556   5.86856449  26.5613137   19.81759864]
 [  9.0068575    6.36770589  28.71947951  20.56292626]
 [  9.25704799   6.10177598  29.46291817  20.73374548]
 [  9.8825242    7.78124277  32.17282937  24.40770424]
 [  8.00609556   5.86856449  26.5613137   19.96241465]
 [  7.88100031   5.84524334  25.38199706  18.65569736]
 [  7.63080983   5.48602883  25.755155    17.9182098 ]
 [  9.63233372   6.48431164  30.26907687  22.19868631]
 [  7.88100031   6.78295996  27.06613669  21.89488421]
 [  8.00609556   6.3374228   26.71181759  20.21696186]
 [  7.50571459   6.0878521   24.44719308  19.25235487]
 [  8.63157177   6.45402855  27.47105389  21.12018911]
 [  8.38138129   6.40738625  27.48350379  21.42843294]
 [  8.63157177   6.45402855  26.87828309  21.29486954]
 [  7.2555241    5.57235149  24.30913911  18.43715546]
 [  8.50647653   6.5869935   28.38367129  21.79069728]
 [  8.38138129   6.71995846  27.91315683  22.19298508]
 [  8.38138129   6.25110014  26.57711134  20.83963868]
 [  7.88100031   5.37638502  24.83631264  18.32451576]
 [  8.1311908    6.20445784  26.19438072  20.2023521 ]
 [  7.75590507   6.75963881  26.47959084  21.57201453]
 [  7.38061934   6.06453095  24.84859857  19.26588717]]
